1023
2046
2943
3067
3070
3903
3963
3965
3966
6591
6653
6847
6907
6909
7087
7095
7101
7102
7150
7155
7157
7158
7164
7743
7805
7863
7867
7869
7870
7926
7930
7932
8124
15277
15292
15340
15797
15804
39543
39549
39659
39667
39670
39673
39674
40503
40563
40565
40566
40572
41959
41966
42111
42223
42235
42238
42423
42430
42478
42486
42492
43823
43879
43885
43893
43894
43900
44006
44009
44010
44012
44024
44281
44343
44349
44403
44405
44406
44412
44462
44467
44470
44473
44474
44476
44536
44857
44858
48044
48049
48052
48561
48564
48691
48693
48694
48700
48754
48756
48820
48824
58935
58997
59004
59065
59066
61112
111980
111988
113961
113969
113970
